canvas 0 0 500 500
shape 0 ellipse
shape 1 ellipse
shape 2 ellipse
shape 3 ellipse
shape 4 ellipse
shape 5 ellipse
shape 6 ellipse
shape 7 ellipse
shape 8 ellipse
shape 9 ellipse
motion 0 0 41 276 50 50 72 246 249 30 255 316 50 50 72 246 249 
motion 0 30 255 316 50 50 149 2 183 60 332 370 50 50 149 2 183 
motion 0 60 332 370 50 50 212 58 4 90 262 160 50 50 212 58 4 
motion 0 90 262 160 50 50 141 5 52 120 154 330 50 50 141 5 52 
motion 0 120 154 330 50 50 190 116 14 150 354 408 50 50 190 116 14 
motion 0 150 354 408 50 50 194 40 247 180 22 228 50 50 194 40 247 
motion 0 180 22 228 50 50 102 214 117 210 145 329 50 50 102 214 117 
motion 0 210 145 329 50 50 167 155 35 240 0 266 50 50 167 155 35 
motion 0 240 0 266 50 50 131 58 24 270 322 38 50 50 131 58 24 
motion 0 270 322 38 50 50 242 156 253 300 434 289 50 50 242 156 253 
motion 1 0 41 276 50 50 31 9 177 30 255 316 50 50 31 9 177 
motion 1 30 255 316 50 50 7 190 213 60 332 370 50 50 7 190 213 
motion 1 60 332 370 50 50 205 92 212 90 262 160 50 50 205 92 212 
motion 1 90 262 160 50 50 69 109 98 120 154 330 50 50 69 109 98 
motion 1 120 154 330 50 50 9 28 16 150 354 408 50 50 9 28 16 
motion 1 150 354 408 50 50 54 119 63 180 22 228 50 50 54 119 63 
motion 1 180 22 228 50 50 115 201 110 210 145 329 50 50 115 201 110 
motion 1 210 145 329 50 50 205 241 199 240 0 266 50 50 205 241 199 
motion 1 240 0 266 50 50 242 35 115 270 322 38 50 50 242 35 115 
motion 1 270 322 38 50 50 34 55 202 300 434 289 50 50 34 55 202 
motion 2 0 41 276 50 50 51 191 206 30 255 316 50 50 51 191 206 
motion 2 30 255 316 50 50 97 18 194 60 332 370 50 50 97 18 194 
motion 2 60 332 370 50 50 99 202 150 90 262 160 50 50 99 202 150 
motion 2 90 262 160 50 50 241 155 84 120 154 330 50 50 241 155 84 
motion 2 120 154 330 50 50 207 6 95 150 354 408 50 50 207 6 95 
motion 2 150 354 408 50 50 158 241 88 180 22 228 50 50 158 241 88 
motion 2 180 22 228 50 50 212 88 152 210 145 329 50 50 212 88 152 
motion 2 210 145 329 50 50 21 102 113 240 0 266 50 50 21 102 113 
motion 2 240 0 266 50 50 217 196 23 270 322 38 50 50 217 196 23 
motion 2 270 322 38 50 50 69 46 237 300 434 289 50 50 69 46 237 
motion 3 0 41 276 50 50 61 179 57 30 255 316 50 50 61 179 57 
motion 3 30 255 316 50 50 158 157 143 60 332 370 50 50 158 157 143 
motion 3 60 332 370 50 50 12 26 249 90 262 160 50 50 12 26 249 
motion 3 90 262 160 50 50 167 91 187 120 154 330 50 50 167 91 187 
motion 3 120 154 330 50 50 155 168 141 150 354 408 50 50 155 168 141 
motion 3 150 354 408 50 50 43 223 62 180 22 228 50 50 43 223 62 
motion 3 180 22 228 50 50 188 135 127 210 145 329 50 50 188 135 127 
motion 3 210 145 329 50 50 209 197 189 240 0 266 50 50 209 197 189 
motion 3 240 0 266 50 50 210 173 121 270 322 38 50 50 210 173 121 
motion 3 270 322 38 50 50 178 95 48 300 434 289 50 50 178 95 48 
motion 4 0 41 276 50 50 138 220 240 30 255 316 50 50 138 220 240 
motion 4 30 255 316 50 50 36 42 96 60 332 370 50 50 36 42 96 
motion 4 60 332 370 50 50 122 111 2 90 262 160 50 50 122 111 2 
motion 4 90 262 160 50 50 136 77 9 120 154 330 50 50 136 77 9 
motion 4 120 154 330 50 50 49 148 90 150 354 408 50 50 49 148 90 
motion 4 150 354 408 50 50 190 159 64 180 22 228 50 50 190 159 64 
motion 4 180 22 228 50 50 95 131 3 210 145 329 50 50 95 131 3 
motion 4 210 145 329 50 50 102 65 82 240 0 266 50 50 102 65 82 
motion 4 240 0 266 50 50 170 100 78 270 322 38 50 50 170 100 78 
motion 4 270 322 38 50 50 134 179 105 300 434 289 50 50 134 179 105 
motion 5 0 41 276 50 50 238 157 64 30 255 316 50 50 238 157 64 
motion 5 30 255 316 50 50 92 76 145 60 332 370 50 50 92 76 145 
motion 5 60 332 370 50 50 194 142 225 90 262 160 50 50 194 142 225 
motion 5 90 262 160 50 50 170 226 228 120 154 330 50 50 170 226 228 
motion 5 120 154 330 50 50 8 115 24 150 354 408 50 50 8 115 24 
motion 5 150 354 408 50 50 95 235 122 180 22 228 50 50 95 235 122 
motion 5 180 22 228 50 50 202 53 78 210 145 329 50 50 202 53 78 
motion 5 210 145 329 50 50 58 178 243 240 0 266 50 50 58 178 243 
motion 5 240 0 266 50 50 41 40 82 270 322 38 50 50 41 40 82 
motion 5 270 322 38 50 50 177 132 147 300 434 289 50 50 177 132 147 
motion 6 0 41 276 50 50 99 122 126 30 255 316 50 50 99 122 126 
motion 6 30 255 316 50 50 148 74 222 60 332 370 50 50 148 74 222 
motion 6 60 332 370 50 50 154 145 142 90 262 160 50 50 154 145 142 
motion 6 90 262 160 50 50 83 205 134 120 154 330 50 50 83 205 134 
motion 6 120 154 330 50 50 149 120 85 150 354 408 50 50 149 120 85 
motion 6 150 354 408 50 50 61 56 2 180 22 228 50 50 61 56 2 
motion 6 180 22 228 50 50 147 100 138 210 145 329 50 50 147 100 138 
motion 6 210 145 329 50 50 173 88 238 240 0 266 50 50 173 88 238 
motion 6 240 0 266 50 50 93 194 142 270 322 38 50 50 93 194 142 
motion 6 270 322 38 50 50 184 245 191 300 434 289 50 50 184 245 191 
motion 7 0 41 276 50 50 221 31 5 30 255 316 50 50 221 31 5 
motion 7 30 255 316 50 50 170 168 93 60 332 370 50 50 170 168 93 
motion 7 60 332 370 50 50 31 138 205 90 262 160 50 50 31 138 205 
motion 7 90 262 160 50 50 253 89 73 120 154 330 50 50 253 89 73 
motion 7 120 154 330 50 50 90 6 193 150 354 408 50 50 90 6 193 
motion 7 150 354 408 50 50 194 135 238 180 22 228 50 50 194 135 238 
motion 7 180 22 228 50 50 170 80 223 210 145 329 50 50 170 80 223 
motion 7 210 145 329 50 50 16 190 243 240 0 266 50 50 16 190 243 
motion 7 240 0 266 50 50 138 240 78 270 322 38 50 50 138 240 78 
motion 7 270 322 38 50 50 88 198 167 300 434 289 50 50 88 198 167 
motion 8 0 41 276 50 50 222 81 121 30 255 316 50 50 222 81 121 
motion 8 30 255 316 50 50 160 17 181 60 332 370 50 50 160 17 181 
motion 8 60 332 370 50 50 41 176 116 90 262 160 50 50 41 176 116 
motion 8 90 262 160 50 50 74 101 16 120 154 330 50 50 74 101 16 
motion 8 120 154 330 50 50 3 70 70 150 354 408 50 50 3 70 70 
motion 8 150 354 408 50 50 253 139 170 180 22 228 50 50 253 139 170 
motion 8 180 22 228 50 50 214 200 153 210 145 329 50 50 214 200 153 
motion 8 210 145 329 50 50 66 161 190 240 0 266 50 50 66 161 190 
motion 8 240 0 266 50 50 196 1 128 270 322 38 50 50 196 1 128 
motion 8 270 322 38 50 50 136 146 6 300 434 289 50 50 136 146 6 
motion 9 0 41 276 50 50 170 134 2 30 255 316 50 50 170 134 2 
motion 9 30 255 316 50 50 251 180 228 60 332 370 50 50 251 180 228 
motion 9 60 332 370 50 50 6 156 201 90 262 160 50 50 6 156 201 
motion 9 90 262 160 50 50 51 213 66 120 154 330 50 50 51 213 66 
motion 9 120 154 330 50 50 150 9 157 150 354 408 50 50 150 9 157 
motion 9 150 354 408 50 50 232 232 75 180 22 228 50 50 232 232 75 
motion 9 180 22 228 50 50 132 92 177 210 145 329 50 50 132 92 177 
motion 9 210 145 329 50 50 60 232 213 240 0 266 50 50 60 232 213 
motion 9 240 0 266 50 50 94 196 26 270 322 38 50 50 94 196 26 
motion 9 270 322 38 50 50 74 135 249 300 434 289 50 50 74 135 249 
