canvas 0 0 500 500

shape row1s1 rectangle
shape row1s2 rectangle
shape row1s3 rectangle
shape row1s4 rectangle
shape row1s5 rectangle
shape row2s1 rectangle
shape row2s2 rectangle
shape row2s3 rectangle
shape row2s4 rectangle
shape row2s5 rectangle
shape row3s1 rectangle
shape row3s2 rectangle
shape row3s3 rectangle
shape row3s4 rectangle
shape row3s5 rectangle
shape row4s1 rectangle
shape row4s2 rectangle
shape row4s3 rectangle
shape row4s4 rectangle
shape row4s5 rectangle
shape row5s1 rectangle
shape row5s2 rectangle
shape row5s3 rectangle
shape row5s4 rectangle
shape row5s5 rectangle
shape row1c1 ellipse
shape row1c2 ellipse
shape row1c3 ellipse
shape row1c4 ellipse
shape row1c5 ellipse
shape row2c1 ellipse
shape row2c2 ellipse
shape row2c3 ellipse
shape row2c4 ellipse
shape row2c5 ellipse
shape row3c1 ellipse
shape row3c2 ellipse
shape row3c3 ellipse
shape row3c4 ellipse
shape row3c5 ellipse
shape row4c1 ellipse
shape row4c2 ellipse
shape row4c3 ellipse
shape row4c4 ellipse
shape row4c5 ellipse


motion row1s1 1 0 0 100 100 255 255 255    1 0 0 100 100 255 255 255
motion row1s2 1 100 0 100 100 0 0 0        1 100 0 100 100 0 0 0
motion row1s3 1 200 0 100 100 255 255 255  1 200 0 100 100 255 255 255
motion row1s4 1 300 0 100 100 0 0 0        1 300 0 100 100 0 0 0
motion row1s5 1 400 0 100 100 255 255 255  1 400 0 100 100 255 255 255
motion row2s1 1 0 100 100 100 0 0 0          1 0 100 100 100 0 0 0
motion row2s2 1 100 100 100 100 255 255 255  1 100 100 100 100 255 255 255
motion row2s3 1 200 100 100 100 0 0 0        1 200 100 100 100 0 0 0
motion row2s4 1 300 100 100 100 255 255 255  1 300 100 100 100 255 255 255
motion row2s5 1 400 100 100 100 0 0 0        1 400 100 100 100 0 0 0
motion row3s1 1 0 200 100 100 255 255 255    1 0 200 100 100 255 255 255
motion row3s2 1 100 200 100 100 0 0 0        1 100 200 100 100 0 0 0
motion row3s3 1 200 200 100 100 255 255 255  1 200 200 100 100 255 255 255
motion row3s4 1 300 200 100 100 0 0 0        1 300 200 100 100 0 0 0
motion row3s5 1 400 200 100 100 255 255 255  1 400 200 100 100 255 255 255
motion row4s1 1 0 300 100 100 0 0 0          1 0 300 100 100 0 0 0
motion row4s2 1 100 300 100 100 255 255 255  1 100 300 100 100 255 255 255
motion row4s3 1 200 300 100 100 0 0 0        1 200 300 100 100 0 0 0
motion row4s4 1 300 300 100 100 255 255 255  1 300 300 100 100 255 255 255
motion row4s5 1 400 300 100 100 0 0 0        1 400 300 100 100 0 0 0
motion row5s1 1 0 400 200 100 255 255 255    1 0 400 100 100 255 255 255
motion row5s2 1 100 400 100 100 0 0 0        1 100 400 100 100 0 0 0
motion row5s3 1 200 400 100 100 255 255 255  1 200 400 100 100 255 255 255
motion row5s4 1 300 400 100 100 0 0 0        1 300 400 100 100 0 0 0
motion row5s5 1 400 400 100 100 255 255 255  1 400 400 100 100 255 255 255
motion row1s1 1 0 0 100 100 255 255 255    1000 0 0 100 100 255 255 255
motion row1s2 1 100 0 100 100 0 0 0        1000 100 0 100 100 0 0 0
motion row1s3 1 200 0 100 100 255 255 255  1000 200 0 100 100 255 255 255
motion row1s4 1 300 0 100 100 0 0 0        1000 300 0 100 100 0 0 0
motion row1s5 1 200 0 100 100 255 255 255  1000 200 0 100 100 255 255 255
motion row2s1 1 0 100 100 100 0 0 0          1000 0 100 100 100 0 0 0
motion row2s2 1 100 100 100 100 255 255 255  1000 100 100 100 100 255 255 255
motion row2s3 1 200 100 100 100 0 0 0        1000 200 100 100 100 0 0 0
motion row2s4 1 300 100 100 100 255 255 255  1000 300 100 100 100 255 255 255
motion row2s5 1 400 100 100 100 0 0 0        1000 400 100 100 100 0 0 0
motion row3s1 1 0 200 100 100 255 255 255    1000 0 200 100 100 255 255 255
motion row3s2 1 100 200 100 100 0 0 0        1000 100 200 100 100 0 0 0
motion row3s3 1 200 200 100 100 255 255 255  1000 200 200 100 100 255 255 255
motion row3s4 1 300 200 100 100 0 0 0        1000 300 200 100 100 0 0 0
motion row3s5 1 400 200 100 100 255 255 255  1000 400 200 100 100 255 255 255
motion row4s1 1 0 300 100 100 0 0 0          1000 0 300 100 100 0 0 0
motion row4s2 1 100 300 100 100 255 255 255  1000 100 300 100 100 255 255 255
motion row4s3 1 200 300 100 100 0 0 0        1000 200 300 100 100 0 0 0
motion row4s4 1 300 300 100 100 255 255 255  1000 300 300 100 100 255 255 255
motion row4s5 1 400 300 100 100 0 0 0        1000 400 300 100 100 0 0 0
motion row5s1 1 0 400 200 100 255 255 255    1000 0 400 100 100 255 255 255
motion row5s2 1 100 400 100 100 0 0 0        1000 100 400 100 100 0 0 0
motion row5s3 1 200 400 100 100 255 255 255  1000 200 400 100 100 255 255 255
motion row5s4 1 300 400 100 100 0 0 0        1000 300 400 100 100 0 0 0
motion row5s5 1 400 400 100 100 255 255 255  1000 400 400 100 100 255 255 255



motion row1c1 1 15 15 70 70 255 0 0 1 15 15 70 70 255 0 0
motion row1c1 1 15 15 70 70 255 0 0 1000 15 15 70 70 255 0 0
motion row1c2 1 115 15 70 70 255 0 0 1 115 15 70 70 255 0 0
motion row1c2 1 115 15 70 70 255 0 0 1000 115 15 70 70 255 0 0
motion row1c3 1 215 15 70 70 255 0 0 1 215 15 70 70 255 0 0
motion row1c3 1 215 15 70 70 255 0 0 1000 215 15 70 70 255 0 0
motion row1c4 1 315 15 70 70 255 0 0 1 315 15 70 70 255 0 0
motion row1c4 1 315 15 70 70 255 0 0 1000 315 15 70 70 255 0 0
motion row1c5 1 415 15 70 70 255 0 0 1 415 15 70 70 255 0 0
motion row1c5 1 415 15 70 70 255 0 0 205 415 15 70 70 255 0 0
motion row1c5 210 415 15 70 70 255 0 0 240 415 115 70 70 255 0 0
motion row2c1 1 15 115 70 70 255 0 0 1 15 115 70 70 255 0 0
motion row2c1 1 15 115 70 70 255 0 0 1000 15 115 70 70 255 0 0
motion row2c2 1 115 115 70 70 255 0 0 1 115 115 70 70 255 0 0
motion row2c2 1 115 115 70 70 255 0 0 60 115 115 70 70 255 0 0
motion row2c2 90 115 115 70 70 255 0 0 120 115 215 70 70 255 0 0
motion row2c3 1 215 115 70 70 255 0 0 1 215 115 70 70 255 0 0
motion row2c3 1 215 115 70 70 255 0 0 1000 215 115 70 70 255 0 0
motion row2c4 1 315 115 70 70 255 0 0 1 315 115 70 70 255 0 0
motion row2c4 1 315 115 70 70 255 0 0 30 315 115 70 70 255 0 0
motion row2c4 30 315 115 70 70 255 0 0 60 315 215 70 70 255 0 0
motion row2c4 120 315 115 70 70 255 0 0 150 315 215 0 0 255 0 0
motion row2c5 1 415 115 70 70 255 0 0 1 415 115 70 70 255 0 0
motion row2c5 1 415 115 70 70 255 0 0 150 415 115 70 70 255 0 0
motion row2c5 150 415 115 70 70 255 0 0 180 315 215 70 70 255 0 0
motion row2c5 270 315 115 70 70 255 0 0 300 315 215 0 0 255 0 0
motion row3c1 1 15 315 70 70 255 0 0 1 15 315 70 70 0 255 0 
motion row3c1 1 15 315 70 70 255 0 0 1000 15 315 70 70 0 255 0 
motion row3c2 1 115 315 70 70 255 0 0 1 115 315 70 70 0 255 0 
motion row3c2 1 115 315 70 70 255 0 0 60 115 315 70 70 0 255 0 
motion row3c2 60 115 315 70 70 255 0 0 90 115 215 70 70 0 255 0 
motion row3c2 90 115 315 70 70 255 0 0 115 115 215 0 0 0 255 0 
motion row3c3 1 215 315 70 70 255 0 0 1 215 315 70 70 0 255 0 
motion row3c3 1 215 315 70 70 255 0 0 270 215 315 70 70 0 255 0 
motion row3c3 270 215 315 70 70 255 0 0 300 315 215 70 70 0 255 0 
motion row3c4 1 315 315 70 70 255 0 0 1 315 315 70 70 0 255 0 
motion row3c4 1 315 315 70 70 255 0 0 30 315 215 70 70 0 255 0 
motion row3c4 30 315 315 70 70 255 0 0 55 315 215 0 0 255 255 255 
motion row3c5 1 415 315 70 70 255 0 0 1 415 315 70 70 0 255 0 
motion row3c5 1 415 315 70 70 255 0 0 120 415 315 70 70 0 255 0 
motion row3c5 120 415 315 70 70 255 0 0 150 315 215 70 70 0 255 0 
motion row3c5 150 415 315 70 70 255 0 0 175 315 215 0 0 0 255 0 
motion row4c1 1 15 415 70 70 255 0 0 1 15 415 70 70 0 255 0 
motion row4c1 1 15 415 70 70 255 0 0 1000 15 415 70 70 0 255 0 
motion row4c2 1 115 415 70 70 255 0 0 1 115 415 70 70 0 255 0 
motion row4c2 1 115 415 70 70 255 0 0 1000 115 415 70 70 0 255 0 
motion row4c3 1 215 415 70 70 255 0 0 1 215 415 70 70 0 255 0 
motion row4c3 1 215 415 70 70 255 0 0 1000 215 415 70 70 0 255 0 
motion row4c4 1 315 415 70 70 255 0 0 1 315 415 70 70 0 255 0 
motion row4c4 1 315 415 70 70 255 0 0 1000 315 415 70 70 0 255 0  
motion row4c5 1 415 415 70 70 255 0 0 1 415 415 70 70 0 255 0 
motion row4c5 1 415 415 70 70 255 0 0 175 415 415 70 70 0 255 0 
motion row4c5 180 415 415 70 70 255 0 0 210 415 315 70 70 0 255 0 
motion row4c5 240 415 415 70 70 255 0 0 270 415 215 70 70 0 255 0 



